An anomaly detected: DoS
0 is a DOS cluster (contiguity=1.0)
2 is not contiguous, but otherwise looks like a portscan cluster (contiguity=27.6)
----------------------------------------------------------------------
  Clusters -- the syntax for samples is: timestep(packetsize,packets)

cluster:  id=0
    34(146,270)

cluster:  id=1
    2(503,21)  3(484,22)  4(330,25)  7(465,18)  8(382,17)  9(442,17)  10(433,18)  11(393,17)  12(439,18)  15(302,24)  16(412,29)  17(355,17)  18(408,17)  19(389,17)  20(453,23)  21(321,23)  22(577,29)  23(389,24)  26(330,37)  27(306,41)  28(310,45)  29(426,22)  30(489,17)  36(400,28)  37(356,33)  38(388,34)  39(387,40)  40(381,35)  41(313,18)  43(423,18)  44(432,17)  45(321,17)  46(363,16)  47(400,17)  48(390,30)  49(379,57)  50(398,18)  51(428,18)  52(424,18)  53(303,27)  56(437,23)  57(397,25)

cluster:  id=2
    1(264,34)  5(183,93)  6(203,67)  13(192,90)  14(196,52)  24(287,37)  25(258,53)  31(265,38)  32(171,91)  33(161,127)  35(187,86)  42(268,37)  54(210,71)  55(258,56)  58(286,46)  59(282,25)

